3.0 2.33333333355 1.28571428559
1.0 0.833333333341 1.19999999999
2.0 1.75000000001 1.14285714285
2.0 1.26666666667 1.57894736842
2.0 1.70370370371 1.17391304348
2.0 1.00000000001 1.99999999998
3.0 2.50000000012 1.19999999994
2.0 2.00000000014 0.999999999931
1.0 1.0 0.999999999996
3.0 2.06060606075 1.45588235284
3.0 1.86486486489 1.60869565216
2.0 1.00000000002 1.99999999996
3.0 2.5000000001 1.19999999995
2.0 1.125 1.77777777777
2.0 2.00000000001 0.999999999993
For n and d 11 0.5
Mean: 1.44305583377
Min: 0.0
Max: 2.17647058823
Variance: 0.102345138834
3.0 2.20689655179 1.35937499996
3.0 2.50000000012 1.19999999994
3.0 1.76744186047 1.69736842105
4.0 2.56544502606 1.55918367354
3.0 3.0 0.999999999998
3.0 2.14285714287 1.39999999999
4.0 4.00000000001 0.999999999999
4.0 4.00000000032 0.999999999919
2.0 1.25000000001 1.59999999998
3.0 2.07500000016 1.44578313242
3.0 3.00000000008 0.999999999974
3.0 2.00000000005 1.49999999996
3.0 2.00000000001 1.49999999999
4.0 3.49999999928 1.14285714309
3.0 1.90909090911 1.57142857141
3.0 1.7741935484 1.6909090909
3.0 1.50943396227 1.9875
4.0 2.55395683477 1.56619718295
3.0 2.22727272728 1.34693877551
3.0 2.12500000025 1.41176470572
3.0 2.50000000028 1.19999999986
1.0 1.00000000001 0.999999999994
4.0 2.41249999723 1.65803108998
1.0 0.682926829276 1.46428571427
4.0 2.59259259262 1.54285714284
3.0 1.61111111112 1.86206896551
4.0 3.00000000001 1.33333333333
3.0 2.24 1.33928571428
3.0 1.58904109591 1.88793103446
3.0 2.06666666668 1.45161290322
4.0 3.00000000003 1.33333333332
4.0 2.11111111113 1.89473684208
2.0 1.32773109246 1.5063291139
4.0 1.69327731094 2.3622828784
3.0 2.50000000008 1.19999999996
2.0 1.25 1.6
3.0 2.73275862091 1.09779179802
4.0 2.2307692308 1.79310344825
4.0 3.50000000004 1.14285714284
3.0 2.13333333334 1.40625
3.0 1.82142857147 1.64705882349
2.0 1.12903225807 1.77142857142
3.0 1.61702127662 1.85526315787
3.0 1.93764434202 1.54827175191
4.0 1.85000000002 2.16216216214
3.0 2.00000000003 1.49999999997
2.0 1.27272727273 1.57142857142
4.0 1.85838952797 2.15240128068
3.0 2.00959909656 1.49283506603
4.0 3.50000000003 1.14285714285
3.0 2.33333333334 1.28571428571
3.0 2.28571428573 1.31249999999
4.0 2.5 1.6
3.0 2.25000000002 1.33333333332
3.0 1.85714285721 1.61538461533
4.0 3.50000000014 1.14285714281
3.0 2.58333333364 1.16129032244
4.0 2.2093023218 1.81052631889
2.0 1.40625000001 1.42222222222
4.0 2.84615384623 1.40540540537
3.0 1.53846153853 1.94999999991
2.0 2.00000000035 0.999999999823
3.0 2.1076923077 1.42335766423
4.0 2.39316239062 1.67142857321
3.0 2.50000000008 1.19999999996
2.0 1.50000000009 1.33333333325
3.0 1.972972973 1.52054794519
3.0 2.00000000018 1.49999999986
3.0 2.03125000016 1.47692307681
3.0 1.397260274 2.14705882349
3.0 2.18181818191 1.37499999994
2.0 1.08073654391 1.85058977719
3.0 1.70351758795 1.76106194689
4.0 1.81132075475 2.2083333333
3.0 2.55000000007 1.1764705882
2.0 1.75000000003 1.14285714284
1.0 1.0 0.999999999999
2.0 1.5 1.33333333333
4.0 2.50000000001 1.59999999999
3.0 2.1428571429 1.39999999997
3.0 3.00000000004 0.999999999986
3.0 2.04000000004 1.47058823526
4.0 2.80952380957 1.42372881354
4.0 3.00000000001 1.33333333333
2.0 1.3394495413 1.49315068492
3.0 1.72413793104 1.73999999999
4.0 3.04210526316 1.31487889273
3.0 1.57894736844 1.89999999998
3.0 2.25000000007 1.33333333329
4.0 2.61363636364 1.53043478261
3.0 1.58299595143 1.89514066495
3.0 2.11111111113 1.42105263156
4.0 2.12500000014 1.88235294105
3.0 2.25000000002 1.33333333332
3.0 2.00000000002 1.49999999998
4.0 2.21194029852 1.80836707152
4.0 3.5000000003 1.14285714276
5.0 3.99999999157 1.25000000264
3.0 2.66666666284 1.12500000162
4.0 2.11764705885 1.88888888886
For n and d 11 0.666666666667
Mean: 1.48845072616
Min: 0.999999999823
Max: 2.3622828784
Variance: 0.0916951784348
3.0 2.99999999201 1.00000000266
4.0 2.51824817007 1.58840580033
3.0 1.94444444445 1.54285714285
3.0 1.24444444445 2.41071428571
3.0 2.00000000003 1.49999999997
4.0 2.64285714291 1.51351351348
4.0 2.69429347581 1.48461926509
3.0 2.26770789363 1.32292170805
4.0 2.99999999789 1.33333333427
4.0 3.14285713561 1.27272727566
4.0 3.02564102545 1.32203389839
3.0 2.16216216218 1.38749999999
5.0 3.4999999998 1.42857142865
3.0 2.33333333334 1.28571428571
5.0 2.99999999965 1.66666666686
3.0 1.86413043479 1.60932944606
3.0 1.58000000003 1.89873417718
4.0 3.50000000006 1.14285714284
3.0 2.00000000013 1.49999999991
3.0 1.87209302333 1.60248447199
4.0 3.50000000001 1.14285714285
4.0 2.68124999935 1.4918414922
4.0 2.60714285747 1.53424657515
