3.0 1.0 3.0
3.0 2.5 1.2
3.0 2.5 1.2
3.0 1.66666666667 1.8
3.0 1.57142857143 1.90909090909
3.0 1.75 1.71428571429
3.0 2.0 1.5
2.0 1.2 1.66666666667
3.0 2.0 1.5
3.0 1.33333333333 2.25
3.0 2.0 1.5
2.0 2.0 1.0
3.0 2.0 1.5
3.0 1.88888888889 1.58823529412
3.0 2.0 1.5
3.0 1.5 2.0
3.0 1.66666666667 1.8
3.0 1.5 2.0
3.0 2.5 1.2
2.0 1.5 1.33333333333
3.0 1.33333333333 2.25
3.0 2.0 1.5
3.0 1.66666666667 1.8
2.0 2.0 1.0
3.0 2.5 1.2
3.0 2.0 1.5
3.0 1.8 1.66666666667
3.0 2.0 1.5
3.0 1.54545454545 1.94117647059
3.0 1.42105263158 2.11111111111
2.0 1.0 2.0
3.0 1.92307692308 1.56
3.0 1.5 2.0
3.0 2.5 1.2
3.0 1.5 2.0
3.0 2.0 1.5
3.0 1.66666666667 1.8
3.0 2.125 1.41176470588
3.0 2.0 1.5
3.0 1.16666666667 2.57142857143
3.0 1.76923076923 1.69565217391
2.0 1.66666666667 1.2
2.0 1.2 1.66666666667
3.0 1.0 3.0
2.0 1.0 2.0
2.0 1.5 1.33333333333
3.0 2.0 1.5
2.0 1.4 1.42857142857
3.0 2.0 1.5
3.0 2.0 1.5
3.0 1.66666666667 1.8
3.0 2.5 1.2
2.0 1.41666666667 1.41176470588
2.0 1.5 1.33333333333
3.0 1.4 2.14285714286
2.0 1.0 2.0
3.0 2.0 1.5
2.0 1.66666666667 1.2
2.0 1.5 1.33333333333
2.0 1.23076923077 1.625
2.0 1.2 1.66666666667
3.0 1.5 2.0
3.0 1.66666666667 1.8
3.0 1.0 3.0
2.0 2.0 1.0
3.0 2.0 1.5
2.0 1.5 1.33333333333
3.0 1.66666666667 1.8
3.0 2.5 1.2
3.0 2.0 1.5
3.0 2.0 1.5
3.0 2.5 1.2
3.0 2.5 1.2
3.0 1.5 2.0
2.0 0.875 2.28571428571
3.0 1.5 2.0
2.0 1.0 2.0
3.0 1.66666666667 1.8
3.0 2.0 1.5
3.0 2.0 1.5
3.0 2.0 1.5
3.0 1.6 1.875
3.0 1.46153846154 2.05263157895
3.0 2.5 1.2
3.0 1.5 2.0
3.0 1.5 2.0
2.0 1.5 1.33333333333
2.0 1.66666666667 1.2
2.0 1.66666666667 1.2
2.0 1.5 1.33333333333
2.0 1.6 1.25
3.0 1.2 2.5
3.0 1.5 2.0
2.0 1.5 1.33333333333
3.0 1.66666666667 1.8
2.0 1.5 1.33333333333
2.0 1.7 1.17647058824
3.0 1.66666666667 1.8
3.0 1.5 2.0
2.0 2.0 1.0
For n and d 10 4
Mean: 1.65217421347
Min: 1.0
Max: 3.0
Variance: 0.174895117803
3.0 2.2 1.36363636364
4.0 3.0 1.33333333333
4.0 2.5 1.6
4.0 3.0 1.33333333333
4.0 2.5 1.6
3.0 1.8 1.66666666667
3.0 2.0 1.5
3.0 2.5 1.2
3.0 1.8 1.66666666667
3.0 2.5 1.2
3.0 2.0 1.5
4.0 2.09090909091 1.91304347826
3.0 3.0 1.0
4.0 3.5 1.14285714286
3.0 1.66666666667 1.8
4.0 2.0 2.0
3.0 2.0 1.5
4.0 2.5 1.6
4.0 2.6 1.53846153846
4.0 2.5 1.6
3.0 3.0 1.0
3.0 2.0 1.5
3.0 2.5 1.2
3.0 1.66666666667 1.8
3.0 2.0 1.5
3.0 2.125 1.41176470588
3.0 2.5 1.2
3.0 2.28888888889 1.31067961165
4.0 3.0 1.33333333333
3.0 2.5 1.2
3.0 3.0 1.0
3.0 2.5 1.2
3.0 2.0 1.5
3.0 1.8 1.66666666667
4.0 2.0 2.0
3.0 2.5 1.2
3.0 3.0 1.0
3.0 2.0 1.5
4.0 2.6 1.53846153846
3.0 3.0 1.0
4.0 3.0 1.33333333333
3.0 2.0 1.5
4.0 2.0 2.0
3.0 3.0 1.0
4.0 2.5 1.6
4.0 2.5 1.6
4.0 3.0 1.33333333333
3.0 3.0 1.0
3.0 2.0 1.5
4.0 2.5 1.6
4.0 3.0 1.33333333333
3.0 2.33333333333 1.28571428571
3.0 2.5 1.2
4.0 2.5 1.6
3.0 2.0 1.5
4.0 3.0 1.33333333333
3.0 1.5 2.0
4.0 2.5 1.6
3.0 2.14285714286 1.4
3.0 3.0 1.0
3.0 3.0 1.0
4.0 3.0 1.33333333333
3.0 3.0 1.0
4.0 2.5 1.6
4.0 2.5 1.6
3.0 2.5 1.2
4.0 2.5 1.6
3.0 2.0 1.5
3.0 2.0 1.5
3.0 2.0 1.5
3.0 2.5 1.2
3.0 2.5 1.2
4.0 2.5 1.6
4.0 3.0 1.33333333333
3.0 2.0 1.5
3.0 2.0 1.5
4.0 1.66666666667 2.4
4.0 2.6 1.53846153846
4.0 3.0 1.33333333333
4.0 1.5 2.66666666667
3.0 2.125 1.41176470588
3.0 2.5 1.2
3.0 2.0 1.5
3.0 3.0 1.0
4.0 2.5 1.6
4.0 2.0 2.0
4.0 3.0 1.33333333333
3.0 2.0 1.5
4.0 2.5 1.6
3.0 2.0 1.5
4.0 3.0 1.33333333333
3.0 2.0 1.5
4.0 3.0 1.33333333333
3.0 2.41176470588 1.24390243902
3.0 2.14285714286 1.4
4.0 2.0 2.0
4.0 2.0 2.0
3.0 1.66666666667 1.8
3.0 2.0 1.5
4.0 2.5 1.6
For n and d 10 5
Mean: 1.46298747348
Min: 1.0
Max: 2.66666666667
Variance: 0.0899266916191
4.0 3.5 1.14285714286
5.0 3.5 1.42857142857
5.0 3.0 1.66666666667
4.0 3.5 1.14285714286
4.0 3.0 1.33333333333
4.0 3.5 1.14285714286
4.0 2.23529411765 1.78947368421
4.0 2.5 1.6
3.0 2.5 1.2
5.0 4.5 1.11111111111
4.0 3.5 1.14285714286
5.0 3.5 1.42857142857
4.0 2.0 2.0
4.0 3.0 1.33333333333
4.0 3.5 1.14285714286
4.0 3.07142857143 1.3023255814
4.0 3.0 1.33333333333
4.0 3.0 1.33333333333
4.0 3.0 1.33333333333
3.0 2.5 1.2
5.0 3.5 1.42857142857
4.0 2.5 1.6
4.0 2.5 1.6
4.0 3.0 1.33333333333
4.0 2.5 1.6
4.0 3.0 1.33333333333
4.0 3.0 1.33333333333
5.0 3.0 1.66666666667
4.0 2.625 1.52380952381
5.0 3.0 1.66666666667
3.0 2.59677419355 1.15527950311
4.0 3.0 1.33333333333
4.0 3.0 1.33333333333
4.0 2.0 2.0
4.0 3.0 1.33333333333
4.0 2.5 1.6
4.0 3.0 1.33333333333
4.0 2.0 2.0
4.0 2.375 1.68421052632
4.0 2.5 1.6
4.0 3.5 1.14285714286
4.0 3.0 1.33333333333
4.0 3.5 1.14285714286
5.0 3.5 1.42857142857
4.0 2.5 1.6
5.0 3.5 1.42857142857
4.0 3.0 1.33333333333
4.0 3.0 1.33333333333
4.0 2.5 1.6
4.0 3.5 1.14285714286
4.0 3.08333333333 1.2972972973
4.0 2.6 1.53846153846
5.0 3.0 1.66666666667
5.0 3.5 1.42857142857
3.0 3.0 1.0
4.0 2.0 2.0
4.0 3.5 1.14285714286
5.0 3.5 1.42857142857
4.0 3.5 1.14285714286
4.0 2.5 1.6
5.0 4.5 1.11111111111
4.0 3.0 1.33333333333
4.0 2.5 1.6
4.0 2.25 1.77777777778
4.0 2.5 1.6
4.0 3.5 1.14285714286
4.0 3.0 1.33333333333
4.0 3.0 1.33333333333
4.0 2.5 1.6
4.0 3.0 1.33333333333
4.0 2.5 1.6
4.0 3.0 1.33333333333
4.0 2.125 1.88235294118
5.0 4.0 1.25
4.0 3.0 1.33333333333
4.0 2.6 1.53846153846
4.0 3.5 1.14285714286
4.0 3.0 1.33333333333
4.0 3.0 1.33333333333
4.0 2.5 1.6
4.0 2.55 1.56862745098
3.0 3.0 1.0
4.0 2.5 1.6
4.0 3.5 1.14285714286
4.0 3.5 1.14285714286
4.0 2.6 1.53846153846
4.0 2.6 1.53846153846
4.0 3.0 1.33333333333
4.0 3.5 1.14285714286
4.0 3.5 1.14285714286
4.0 2.5 1.6
4.0 2.5 1.6
4.0 2.5 1.6
4.0 2.58333333333 1.54838709677
4.0 3.0 1.33333333333
5.0 3.5 1.42857142857
4.0 3.0 1.33333333333
4.0 3.0 1.33333333333
4.0 3.0 1.33333333333
5.0 3.5 1.42857142857
For n and d 10 6
Mean: 1.41498466902
Min: 1.0
Max: 2.0
Variance: 0.0503144573946
