3.0 2.0 1.5
3.0 1.0 3.0
3.0 1.5 2.0
3.0 1.33333333333 2.25
3.0 1.0 3.0
3.0 1.0 3.0
2.0 1.0 2.0
2.0 1.5 1.33333333333
3.0 3.0 1.0
2.0 1.0 2.0
3.0 1.5 2.0
3.0 1.33333333333 2.25
3.0 1.15384615385 2.6
2.0 1.0 2.0
2.0 1.75 1.14285714286
2.0 1.66666666667 1.2
3.0 1.41666666667 2.11764705882
3.0 1.54545454545 1.94117647059
2.0 1.02941176471 1.94285714286
2.0 1.38888888889 1.44
2.0 1.0 2.0
3.0 2.5 1.2
3.0 1.0 3.0
3.0 1.66666666667 1.8
3.0 1.0 3.0
3.0 2.0 1.5
3.0 1.5 2.0
3.0 1.83333333333 1.63636363636
3.0 2.0 1.5
3.0 1.66666666667 1.8
2.0 1.5 1.33333333333
2.0 1.0 2.0
3.0 1.0 3.0
3.0 1.25 2.4
2.0 1.0 2.0
2.0 2.0 1.0
3.0 1.33333333333 2.25
3.0 2.09090909091 1.4347826087
3.0 1.75 1.71428571429
3.0 1.33333333333 2.25
3.0 2.5 1.2
2.0 1.6 1.25
3.0 2.0 1.5
3.0 1.0 3.0
3.0 1.75892857143 1.70558375635
3.0 1.0 3.0
3.0 1.38461538462 2.16666666667
3.0 1.125 2.66666666667
3.0 1.0 3.0
3.0 1.2 2.5
3.0 1.5 2.0
3.0 1.83333333333 1.63636363636
2.0 1.17647058824 1.7
3.0 1.5 2.0
2.0 1.0 2.0
2.0 1.0 2.0
3.0 1.16666666667 2.57142857143
2.0 1.0 2.0
3.0 2.0 1.5
3.0 1.0 3.0
2.0 1.66666666667 1.2
3.0 1.66666666667 1.8
3.0 1.5 2.0
3.0 1.5 2.0
2.0 1.0 2.0
3.0 1.5 2.0
2.0 1.5 1.33333333333
2.0 1.0 2.0
2.0 1.33333333333 1.5
3.0 0.75 4.0
3.0 1.83333333333 1.63636363636
2.0 1.5 1.33333333333
3.0 1.0 3.0
2.0 1.0 2.0
3.0 1.33333333333 2.25
3.0 1.125 2.66666666667
2.0 1.33333333333 1.5
3.0 1.66666666667 1.8
2.0 1.25 1.6
3.0 1.33333333333 2.25
3.0 1.0 3.0
3.0 1.33333333333 2.25
2.0 1.5 1.33333333333
3.0 1.5 2.0
2.0 1.25 1.6
3.0 1.5 2.0
2.0 1.33333333333 1.5
3.0 1.0 3.0
3.0 1.5 2.0
2.0 2.0 1.0
3.0 2.5 1.2
3.0 1.0 3.0
3.0 1.33333333333 2.25
3.0 1.5 2.0
2.0 1.0 2.0
2.0 1.0 2.0
2.0 1.66666666667 1.2
3.0 2.0 1.5
3.0 2.0 1.5
3.0 1.66666666667 1.8
For n and d 12 4
Mean: 1.98936376042
Min: 1.0
Max: 4.0
Variance: 0.351899452555
3.0 3.0 1.0
3.0 2.5 1.2
3.0 1.75 1.71428571429
3.0 2.5 1.2
4.0 2.5 1.6
3.0 2.5 1.2
3.0 2.0 1.5
4.0 2.04545454545 1.95555555556
3.0 1.35714285714 2.21052631579
4.0 3.0 1.33333333333
4.0 3.0 1.33333333333
3.0 2.5 1.2
3.0 3.0 1.0
4.0 2.6 1.53846153846
3.0 1.57142857143 1.90909090909
3.0 1.7 1.76470588235
3.0 2.0 1.5
4.0 2.2 1.81818181818
4.0 1.76470588235 2.26666666667
3.0 1.70588235294 1.75862068966
3.0 2.0 1.5
3.0 2.0 1.5
3.0 1.975 1.51898734177
4.0 3.0 1.33333333333
3.0 1.33333333333 2.25
4.0 3.0 1.33333333333
3.0 1.66666666667 1.8
3.0 1.66666666667 1.8
4.0 3.0 1.33333333333
3.0 2.0 1.5
3.0 1.66666666667 1.8
4.0 3.0 1.33333333333
3.0 1.5 2.0
3.0 1.875 1.6
3.0 2.0 1.5
3.0 2.0 1.5
3.0 1.7 1.76470588235
3.0 2.0 1.5
4.0 3.0 1.33333333333
3.0 2.2 1.36363636364
4.0 3.0 1.33333333333
3.0 2.0 1.5
3.0 1.83333333333 1.63636363636
3.0 1.5 2.0
3.0 2.5 1.2
4.0 3.0 1.33333333333
4.0 3.0 1.33333333333
3.0 2.5 1.2
3.0 2.0 1.5
4.0 2.0 2.0
3.0 2.23529411765 1.34210526316
3.0 1.5 2.0
3.0 2.0 1.5
3.0 2.06504065041 1.45275590551
3.0 2.5 1.2
3.0 1.82608695652 1.64285714286
4.0 2.125 1.88235294118
3.0 3.0 1.0
3.0 2.0 1.5
3.0 2.15384615385 1.39285714286
4.0 1.70588235294 2.34482758621
4.0 2.5 1.6
3.0 1.0 3.0
3.0 2.2 1.36363636364
3.0 2.5 1.2
3.0 1.5 2.0
3.0 2.0 1.5
3.0 2.0 1.5
3.0 1.40845070423 2.13
3.0 1.73684210526 1.72727272727
3.0 2.5 1.2
3.0 2.5 1.2
3.0 1.375 2.18181818182
3.0 2.125 1.41176470588
3.0 3.0 1.0
3.0 1.86956521739 1.60465116279
4.0 2.0 2.0
3.0 2.2 1.36363636364
4.0 3.0 1.33333333333
3.0 2.125 1.41176470588
3.0 2.2 1.36363636364
4.0 1.85185185185 2.16
3.0 2.125 1.41176470588
3.0 2.13636363636 1.40425531915
3.0 2.5 1.2
3.0 2.5 1.2
4.0 2.5 1.6
4.0 2.0 2.0
3.0 1.5 2.0
4.0 2.0 2.0
4.0 1.375 2.90909090909
4.0 2.0 2.0
3.0 2.0 1.5
3.0 2.0 1.5
3.0 1.5 2.0
4.0 2.5 1.6
4.0 2.5 1.6
4.0 2.71428571429 1.47368421053
3.0 2.0 1.5
4.0 1.85714285714 2.15384615385
For n and d 12 5
Mean: 1.60165032836
Min: 1.0
Max: 3.0
Variance: 0.138865110813
4.0 2.61598224195 1.52906236742
4.0 2.5 1.6
4.0 2.52380952381 1.58490566038
4.0 2.5 1.6
5.0 3.0 1.66666666667
4.0 3.5 1.14285714286
4.0 2.6 1.53846153846
4.0 3.0 1.33333333333
5.0 3.0 1.66666666667
4.0 2.22222222222 1.8
4.0 3.0 1.33333333333
4.0 2.5 1.6
4.0 2.35897435897 1.69565217391
5.0 3.5 1.42857142857
5.0 3.5 1.42857142857
4.0 3.0 1.33333333333
4.0 2.5 1.6
4.0 3.0 1.33333333333
3.0 2.5 1.2
4.0 3.0 1.33333333333
4.0 2.0 2.0
4.0 1.66666666667 2.4
3.0 3.0 1.0
4.0 2.5 1.6
5.0 2.5 2.0
4.0 3.0 1.33333333333
4.0 2.6 1.53846153846
4.0 3.0 1.33333333333
4.0 2.5 1.6
5.0 2.26315789474 2.20930232558
4.0 2.0 2.0
4.0 2.68115942029 1.49189189189
4.0 3.0 1.33333333333
4.0 3.5 1.14285714286
4.0 2.0 2.0
4.0 3.0 1.33333333333
4.0 2.16666666667 1.84615384615
4.0 2.0 2.0
4.0 4.0 1.0
4.0 2.5 1.6
4.0 3.5 1.14285714286
4.0 3.5 1.14285714286
4.0 2.53191489362 1.57983193277
4.0 2.5 1.6
4.0 2.33333333333 1.71428571429
4.0 3.5 1.14285714286
4.0 2.42744063325 1.64782608696
4.0 2.5 1.6
5.0 3.0 1.66666666667
4.0 2.11428571429 1.89189189189
5.0 3.5 1.42857142857
5.0 3.05882352941 1.63461538462
4.0 2.0 2.0
4.0 3.0 1.33333333333
4.0 2.0 2.0
4.0 3.0 1.33333333333
4.0 3.0 1.33333333333
4.0 3.0 1.33333333333
4.0 2.53125 1.58024691358
4.0 3.5 1.14285714286
4.0 3.0 1.33333333333
4.0 2.60714285714 1.53424657534
4.0 3.0 1.33333333333
4.0 3.5 1.14285714286
5.0 3.0 1.66666666667
3.0 2.5 1.2
4.0 3.5 1.14285714286
4.0 2.5 1.6
4.0 3.0 1.33333333333
4.0 2.6 1.53846153846
4.0 2.6 1.53846153846
4.0 2.0 2.0
4.0 3.0 1.33333333333
4.0 2.53846153846 1.57575757576
4.0 2.6 1.53846153846
5.0 3.0 1.66666666667
4.0 2.0 2.0
4.0 3.0 1.33333333333
5.0 2.5 2.0
4.0 3.0 1.33333333333
4.0 3.0 1.33333333333
4.0 2.53125 1.58024691358
4.0 2.6 1.53846153846
4.0 1.71875 2.32727272727
5.0 2.37984496124 2.1009771987
4.0 3.0 1.33333333333
4.0 2.5 1.6
4.0 2.33333333333 1.71428571429
4.0 2.6 1.53846153846
4.0 3.0 1.33333333333
4.0 2.125 1.88235294118
4.0 2.5 1.6
4.0 3.0 1.33333333333
4.0 2.5 1.6
4.0 2.5 1.6
4.0 3.0 1.33333333333
4.0 2.50847457627 1.59459459459
4.0 2.5 1.6
4.0 3.5 1.14285714286
4.0 2.5 1.6
For n and d 12 6
Mean: 1.54589393104
Min: 1.0
Max: 2.4
Variance: 0.081901318028
5.0 3.5 1.42857142857
4.0 3.0 1.33333333333
5.0 3.0 1.66666666667
5.0 3.09090909091 1.61764705882
5.0 3.5 1.42857142857
5.0 4.0 1.25
5.0 4.0 1.25
5.0 3.0 1.66666666667
5.0 -0.0 -inf
5.0 4.0 1.25
4.0 3.0 1.33333333333
4.0 3.0 1.33333333333
4.0 3.0 1.33333333333
4.0 3.5 1.14285714286
4.0 3.0 1.33333333333
5.0 3.5 1.42857142857
4.0 2.5 1.6
5.0 3.5 1.42857142857
5.0 2.5 2.0
4.0 3.0 1.33333333333
5.0 4.0 1.25
5.0 3.5 1.42857142857
5.0 3.57142857143 1.4
5.0 3.5 1.42857142857
5.0 3.5 1.42857142857
5.0 2.6 1.92307692308
5.0 3.5 1.42857142857
5.0 3.5 1.42857142857
5.0 2.5 2.0
5.0 3.10526315789 1.61016949153
5.0 3.0 1.66666666667
5.0 3.5 1.42857142857
5.0 2.5 2.0
5.0 3.5 1.42857142857
5.0 2.5 2.0
5.0 3.5 1.42857142857
4.0 3.5 1.14285714286
5.0 3.5 1.42857142857
5.0 3.5 1.42857142857
4.0 3.0 1.33333333333
5.0 3.5 1.42857142857
5.0 3.5 1.42857142857
4.0 2.58333333333 1.54838709677
4.0 3.08333333333 1.2972972973
5.0 3.0 1.66666666667
4.0 3.5625 1.12280701754
5.0 3.5 1.42857142857
4.0 3.0 1.33333333333
5.0 3.0 1.66666666667
5.0 2.66666666667 1.875
4.0 3.0 1.33333333333
5.0 3.5 1.42857142857
5.0 3.57142857143 1.4
4.0 3.0 1.33333333333
5.0 3.5 1.42857142857
5.0 2.73902439024 1.82546749777
5.0 2.5 2.0
5.0 3.5 1.42857142857
5.0 2.78571428571 1.79487179487
4.0 3.0 1.33333333333
4.0 3.0 1.33333333333
4.0 3.5 1.14285714286
5.0 3.0 1.66666666667
4.0 2.6265060241 1.52293577982
5.0 4.0 1.25
5.0 4.5 1.11111111111
5.0 3.5 1.42857142857
5.0 4.0 1.25
4.0 3.5 1.14285714286
5.0 3.5 1.42857142857
5.0 3.0 1.66666666667
5.0 3.5 1.42857142857
5.0 3.5 1.42857142857
4.0 3.09677419355 1.29166666667
4.0 2.71739130435 1.472
4.0 3.0 1.33333333333
5.0 3.5 1.42857142857
5.0 4.0 1.25
5.0 4.0 1.25
5.0 3.5 1.42857142857
5.0 4.0 1.25
5.0 3.5 1.42857142857
5.0 2.64705882353 1.88888888889
4.0 3.04 1.31578947368
5.0 4.0 1.25
5.0 3.5 1.42857142857
5.0 3.5 1.42857142857
5.0 3.0 1.66666666667
5.0 3.0 1.66666666667
5.0 2.5 2.0
4.0 4.0 1.0
5.0 4.0 1.25
5.0 2.75 1.81818181818
5.0 3.0 1.66666666667
5.0 3.0 1.66666666667
4.0 3.0 1.33333333333
5.0 3.5 1.42857142857
5.0 4.0 1.25
5.0 2.6 1.92307692308
5.0 4.0 1.25
For n and d 12 7
Mean: -inf
Min: -inf
Max: 2.0
Variance: nan
6.0 4.5 1.33333333333
5.0 3.5 1.42857142857
6.0 3.57142857143 1.68
6.0 4.5 1.33333333333
6.0 4.0 1.5
5.0 3.5 1.42857142857
5.0 4.0 1.25
6.0 4.0 1.5
5.0 4.0 1.25
6.0 4.5 1.33333333333
5.0 4.0 1.25
5.0 4.5 1.11111111111
6.0 4.5 1.33333333333
6.0 4.5 1.33333333333
6.0 4.0 1.5
6.0 4.0 1.5
5.0 4.0 1.25
6.0 3.07142857143 1.95348837209
6.0 4.0 1.5
5.0 4.5 1.11111111111
5.0 3.5 1.42857142857
5.0 4.0 1.25
5.0 3.5 1.42857142857
6.0 4.5 1.33333333333
5.0 4.0 1.25
5.0 3.5 1.42857142857
5.0 3.5 1.42857142857
6.0 3.99999999965 1.50000000013
5.0 4.5 1.11111111111
5.0 3.13265306122 1.59609120521
6.0 4.5 1.33333333333
6.0 4.5 1.33333333333
5.0 3.57142857143 1.4
5.0 4.0 1.25
5.0 4.5 1.11111111111
6.0 4.5 1.33333333333
6.0 4.0 1.5
5.0 4.5 1.11111111111
6.0 4.0 1.5
5.0 4.0 1.25
5.0 4.0 1.25
4.0 3.5 1.14285714286
5.0 4.5 1.11111111111
5.0 4.0625 1.23076923077
5.0 3.5 1.42857142857
5.0 4.5 1.11111111111
6.0 4.5 1.33333333333
6.0 4.5 1.33333333333
5.0 4.0 1.25
5.0 3.5 1.42857142857
5.0 3.5 1.42857142857
6.0 4.0 1.5
5.0 4.5 1.11111111111
5.0 4.5 1.11111111111
5.0 4.0 1.25
5.0 4.0 1.25
5.0 4.0 1.25
6.0 4.0 1.5
6.0 4.5 1.33333333333
5.0 3.5 1.42857142857
5.0 4.0 1.25
6.0 4.5 1.33333333333
6.0 4.5 1.33333333333
6.0 4.5 1.33333333333
5.0 4.5 1.11111111111
5.0 4.0 1.25
6.0 4.5 1.33333333333
6.0 3.5 1.71428571429
6.0 3.5 1.71428571429
5.0 4.0 1.25
5.0 3.57142857143 1.4
6.0 4.5 1.33333333333
5.0 3.0 1.66666666667
5.0 4.0 1.25
6.0 4.0 1.5
5.0 4.0 1.25
6.0 3.51666666667 1.70616113744
5.0 4.0 1.25
5.0 3.5 1.42857142857
5.0 4.0 1.25
5.0 4.0 1.25
6.0 5.0 1.2
5.0 3.57142857143 1.4
5.0 4.5 1.11111111111
5.0 3.5 1.42857142857
5.0 4.0 1.25
6.0 4.5 1.33333333333
5.0 4.0 1.25
5.0 4.0 1.25
5.0 4.0 1.25
5.0 3.57142857143 1.4
6.0 5.0 1.2
6.0 3.5 1.71428571429
5.0 4.0 1.25
5.0 3.51724137931 1.42156862745
5.0 3.5 1.42857142857
6.0 4.0 1.5
6.0 4.5 1.33333333333
6.0 4.5 1.33333333333
5.0 4.0 1.25
For n and d 12 8
Mean: 1.34750776986
Min: 1.11111111111
Max: 1.95348837209
Variance: 0.0252908253317
