3.0 2.5 1.2
2.0 1.375 1.45454545455
2.0 1.33333333333 1.5
3.0 1.0 3.0
2.0 1.0 2.0
2.0 1.0 2.0
2.0 1.30769230769 1.52941176471
2.0 2.0 1.0
2.0 1.0 2.0
3.0 1.33333333333 2.25
2.0 1.66666666667 1.2
2.0 1.25 1.6
2.0 1.5 1.33333333333
3.0 1.0 3.0
3.0 1.5 2.0
2.0 1.5 1.33333333333
2.0 1.33333333333 1.5
3.0 2.0 1.5
3.0 1.0 3.0
3.0 1.5 2.0
2.0 1.0 2.0
3.0 1.5 2.0
3.0 1.5 2.0
2.0 1.5 1.33333333333
2.0 1.0 2.0
3.0 2.0 1.5
3.0 1.0 3.0
3.0 2.0 1.5
2.0 0.75 2.66666666667
3.0 2.0 1.5
3.0 1.5 2.0
2.0 1.0 2.0
3.0 2.5 1.2
3.0 1.66666666667 1.8
3.0 2.5 1.2
2.0 1.2 1.66666666667
3.0 1.5 2.0
3.0 2.0 1.5
3.0 1.0 3.0
2.0 2.0 1.0
3.0 1.66666666667 1.8
3.0 1.33333333333 2.25
2.0 1.5 1.33333333333
3.0 1.15384615385 2.6
3.0 2.5 1.2
3.0 2.0 1.5
3.0 2.0 1.5
2.0 1.14285714286 1.75
2.0 1.85714285714 1.07692307692
3.0 1.125 2.66666666667
2.0 1.0 2.0
3.0 1.76923076923 1.69565217391
3.0 1.5 2.0
3.0 1.0 3.0
2.0 1.0 2.0
3.0 1.52258064516 1.97033898305
2.0 1.5 1.33333333333
3.0 1.42857142857 2.1
3.0 1.0 3.0
3.0 1.25 2.4
2.0 1.125 1.77777777778
3.0 1.0 3.0
3.0 1.46666666667 2.04545454545
3.0 2.0 1.5
3.0 1.5 2.0
3.0 1.33333333333 2.25
2.0 1.33333333333 1.5
3.0 2.5 1.2
3.0 2.0 1.5
3.0 1.53846153846 1.95
3.0 2.0 1.5
2.0 1.0 2.0
3.0 1.5 2.0
3.0 2.0 1.5
2.0 1.0 2.0
2.0 1.14285714286 1.75
2.0 1.0 2.0
3.0 2.5 1.2
3.0 1.66666666667 1.8
3.0 2.0 1.5
3.0 2.0 1.5
3.0 1.5 2.0
3.0 1.0 3.0
2.0 1.5 1.33333333333
2.0 1.54545454545 1.29411764706
2.0 1.66666666667 1.2
3.0 1.5 2.0
3.0 2.0 1.5
2.0 1.33333333333 1.5
3.0 1.2 2.5
3.0 1.5 2.0
3.0 2.5 1.2
3.0 1.0 3.0
3.0 1.5 2.0
2.0 1.0 2.0
2.0 1.0 2.0
3.0 1.14285714286 2.625
3.0 2.5 1.2
3.0 1.5 2.0
2.0 1.66666666667 1.2
For n and d 13 4
Mean: 1.85469221423
Min: 1.0
Max: 3.0
Variance: 0.288751274636
3.0 2.0 1.5
3.0 2.0 1.5
4.0 2.0 2.0
3.0 2.2 1.36363636364
4.0 1.5 2.66666666667
3.0 1.4 2.14285714286
3.0 2.5 1.2
3.0 1.84615384615 1.625
3.0 1.625 1.84615384615
4.0 3.0 1.33333333333
3.0 2.5 1.2
3.0 2.0 1.5
3.0 1.5 2.0
3.0 1.4 2.14285714286
3.0 1.33333333333 2.25
3.0 1.33333333333 2.25
3.0 2.0 1.5
4.0 1.66666666667 2.4
3.0 2.0 1.5
4.0 3.0 1.33333333333
4.0 2.1592920354 1.85245901639
3.0 1.66666666667 1.8
3.0 2.02564102564 1.48101265823
3.0 1.55555555556 1.92857142857
3.0 2.0 1.5
3.0 1.72727272727 1.73684210526
3.0 2.5 1.2
3.0 1.47058823529 2.04
4.0 1.4 2.85714285714
4.0 2.5 1.6
3.0 2.5 1.2
3.0 2.0 1.5
3.0 2.09090909091 1.4347826087
3.0 2.5 1.2
3.0 2.0 1.5
3.0 1.66666666667 1.8
3.0 1.4 2.14285714286
4.0 1.0 4.0
3.0 2.5 1.2
3.0 2.5 1.2
3.0 2.0 1.5
4.0 2.5 1.6
3.0 1.75 1.71428571429
4.0 1.66666666667 2.4
3.0 2.0 1.5
3.0 2.5 1.2
3.0 2.5 1.2
3.0 1.375 2.18181818182
4.0 2.42857142857 1.64705882353
3.0 2.0 1.5
3.0 2.5 1.2
4.0 1.375 2.90909090909
4.0 1.41666666667 2.82352941176
3.0 2.0 1.5
3.0 2.0 1.5
3.0 1.67857142857 1.78723404255
4.0 2.0 2.0
3.0 1.66666666667 1.8
3.0 1.66666666667 1.8
4.0 2.5 1.6
3.0 2.0 1.5
4.0 2.53846153846 1.57575757576
3.0 1.5 2.0
3.0 1.66666666667 1.8
3.0 2.15384615385 1.39285714286
3.0 1.5 2.0
4.0 2.5 1.6
3.0 1.0 3.0
3.0 2.5 1.2
3.0 2.5 1.2
4.0 2.0 2.0
3.0 2.17808219178 1.37735849057
4.0 3.0 1.33333333333
3.0 2.1 1.42857142857
3.0 2.5 1.2
3.0 2.5 1.2
4.0 2.5 1.6
3.0 2.5 1.2
3.0 1.57142857143 1.90909090909
4.0 1.66666666667 2.4
3.0 1.5 2.0
4.0 2.0 2.0
3.0 1.11111111111 2.7
3.0 2.125 1.41176470588
3.0 2.0 1.5
3.0 1.5 2.0
3.0 2.0 1.5
3.0 1.25 2.4
3.0 2.0 1.5
4.0 2.0 2.0
3.0 2.0 1.5
4.0 2.0 2.0
3.0 1.66666666667 1.8
3.0 1.775 1.69014084507
3.0 1.8 1.66666666667
3.0 1.4 2.14285714286
4.0 2.5 1.6
3.0 2.33333333333 1.28571428571
4.0 1.83333333333 2.18181818182
3.0 2.16666666667 1.38461538462
For n and d 13 5
Mean: 1.74971068822
Min: 1.2
Max: 4.0
Variance: 0.236757843243
4.0 3.0 1.33333333333
5.0 3.5 1.42857142857
4.0 2.2 1.81818181818
4.0 1.7 2.35294117647
4.0 3.5 1.14285714286
4.0 3.0 1.33333333333
4.0 2.0 2.0
4.0 3.0 1.33333333333
4.0 3.0 1.33333333333
4.0 2.5 1.6
4.0 3.0 1.33333333333
5.0 3.5 1.42857142857
4.0 2.85185185185 1.4025974026
3.0 2.5 1.2
4.0 3.14285714286 1.27272727273
5.0 2.15384615385 2.32142857143
5.0 3.0 1.66666666667
4.0 3.0 1.33333333333
4.0 1.30769230769 3.05882352941
4.0 2.11013409711 1.89561412494
4.0 3.5 1.14285714286
4.0 2.5 1.6
4.0 2.5 1.6
4.0 2.75652173913 1.45110410095
4.0 2.13636363636 1.87234042553
4.0 4.0 1.0
4.0 2.33333333333 1.71428571429
4.0 3.5 1.14285714286
4.0 2.5 1.6
4.0 3.5 1.14285714286
4.0 2.5 1.6
4.0 2.0 2.0
5.0 1.76315789474 2.83582089552
4.0 2.6 1.53846153846
4.0 3.0 1.33333333333
4.0 3.0 1.33333333333
4.0 2.5 1.6
3.0 2.2 1.36363636364
4.0 3.0 1.33333333333
4.0 3.0 1.33333333333
4.0 3.5 1.14285714286
4.0 2.5 1.6
4.0 3.0 1.33333333333
4.0 2.5 1.6
4.0 2.2 1.81818181818
4.0 2.5 1.6
5.0 2.5 2.0
4.0 2.0 2.0
4.0 3.0 1.33333333333
3.0 2.0 1.5
4.0 2.30434782609 1.7358490566
4.0 3.0 1.33333333333
4.0 3.0 1.33333333333
4.0 3.0 1.33333333333
4.0 1.5 2.66666666667
3.0 1.5 2.0
4.0 3.08333333333 1.2972972973
4.0 -0.0 -inf
4.0 1.90476190476 2.1
5.0 2.66666666667 1.875
4.0 2.5 1.6
4.0 2.33333333333 1.71428571429
4.0 2.5 1.6
4.0 2.5 1.6
4.0 2.76470588235 1.44680851064
4.0 3.0 1.33333333333
4.0 3.5 1.14285714286
4.0 3.5 1.14285714286
4.0 2.47445255474 1.61651917404
4.0 2.55102040816 1.568
4.0 2.125 1.88235294118
4.0 2.5 1.6
4.0 3.0 1.33333333333
4.0 2.04545454545 1.95555555556
4.0 2.5 1.6
4.0 3.5 1.14285714286
5.0 2.5 2.0
4.0 2.0 2.0
4.0 1.5 2.66666666667
4.0 2.36363636364 1.69230769231
4.0 2.5 1.6
4.0 3.0 1.33333333333
3.0 1.72727272727 1.73684210526
4.0 2.5 1.6
